1 3 37
50 2464
12 7845
48 6781
3 7 70
2 2162
4 6038
39 8415
42 3073
39 2660
21 3519
7 7195
7 6 39
42 5672
5 5850
8 1356
16 4072
50 4363
2 3950
6 5 3
42 2025
40 7780
40 5484
2 9880
45 7324
3 6 19
2 5017
9 3645
38 8614
47 2048
19 512
19 9169
2 2 70
4 143
25 9395
8 8 27
11 299
30 5190
43 4406
41 4148
24 2342
14 3632
39 6204
47 8185
6 3 96
21 4086
21 394
7 974
7 1 20
8 7495
6 6 45
28 2259
40 1733
49 9437
8 2243
50 639
31 4803
5 4 5
3 7812
27 4590
34 6871
46 1409
7 7 28
16 7373
26 9883
17 8405
41 3158
37 5689
44 7144
31 7546
7 6 100
21 7979
7 225
42 933
14 6225
5 5662
35 7913
1 4 30
12 3190
14 780
44 1804
38 1730
3 5 25
27 6780
10 6990
32 5431
20 6288
7 3462
5 4 38
29 8834
23 1991
23 8487
23 3636
4 4 15
21 9592
4 1350
36 3939
26 7914
3 6 3
49 417
25 5188
26 6036
10 1948
25 2838
33 4799
1 4 85
4 1492
12 740
8 932
31 6962
6 1 100
8 8031
1 1 86
20 3313
1 4 88
47 7168
37 9023
7 7519
22 3889
2 7 92
18 1122
33 5476
5 6965
39 7038
32 9688
47 1465
8 7843
5 6 56
11 2934
43 9559
3 3630
33 2810
50 5106
50 9227
1 4 44
37 2876
19 4441
40 3059
28 3274
1 2 38
4 619
39 3982
7 6 67
19 3061
20 1350
43 8881
49 3099
32 4427
14 874
2 7 49
41 8490
41 4200
20 3214
47 9096
1 6402
16 6141
34 4192
2 3 60
3 9721
11 695
3 8461
2 1 88
8 4108
7 6 8
50 7049
48 7801
20 7361
48 8815
13 7499
30 7803
7 2 45
36 7334
49 3956
2 2 61
7 3690
44 8294
1 8 3
8 3161
4 158
8 5805
29 4669
2 5043
33 752
25 6838
36 8049
5 2 83
33 9528
26 678
6 4 67
34 2379
18 8586
31 2028
46 1137
6 1 41
16 74
8 2 8
47 8786
45 2282
3 3 54
17 3711
34 4544
38 4873
2 6 6
6 376
44 7789
5 1189
25 7291
44 2217
8 6667
8 2 27
8 3353
21 4692
1 3 97
5 4711
30 3299
50 3855
4 8 12
33 3635
5 723
39 5344
49 9679
39 8215
39 1308
26 9006
34 9386
8 6 77
49 2505
23 4003
15 1955
3 9017
9 5580
26 6872
6 3 27
37 8298
22 5236
28 1010
6 2 17
30 4123
50 2515
6 1 91
31 6110
3 3 76
19 5736
44 29
17 7319
5 5 28
29 5418
25 7000
3 2205
11 454
20 3030
5 7 31
47 7925
36 9039
7 1197
4 791
23 9174
28 2268
3 545
0 0 0


